1 4
1 8
1 9
1 10
2 4
2 6
2 10
3 8
3 9
4 1
4 2
4 7
4 10
5 6
6 2
6 5
6 10
7 4
8 1
8 3
8 9
9 1
9 3
9 8
9 10
10 1
10 2
10 4
10 6
10 9


index  1  2  3  4  5  6  7  8  9 10
    1  0  0  0  1  0  0  0  1  1  1
    2  0  0  0  1  0  1  0  0  0  1
    3  0  0  0  0  0  0  0  1  1  0
    4  1  1  0  0  0  0  1  0  0  1
    5  0  0  0  0  0  1  0  0  0  0
    6  0  1  0  0  1  0  0  0  0  1
    7  0  0  0  1  0  0  0  0  0  0
    8  1  0  1  0  0  0  0  0  1  0
    9  1  0  1  0  0  0  0  1  0  1
   10  1  1  0  1  0  1  0  0  1  0


newColor = 1
index      1  2  3  4  5  6  7  8  9  10 
nodeColor  1  1  1  0  1  0  1  0  0  0  

newColor = 2
index      1  2  3  4  5  6  7  8  9  10 
nodeColor  1  1  1  2  1  2  1  2  0  0  

newColor = 3
index      1  2  3  4  5  6  7  8  9  10 
nodeColor  1  1  1  2  1  2  1  2  3  0  

newColor = 4
index      1  2  3  4  5  6  7  8  9  10 
nodeColor  1  1  1  2  1  2  1  2  3  4  

The number of colors used to color the graph = 4


index  1  2  3  4  5  6  7  8  9 10
    1  1  0  0  1  0  0  0  1  1  1
    2  0  1  0  1  0  1  0  0  0  1
    3  0  0  1  0  0  0  0  1  1  0
    4  1  1  0  2  0  0  1  0  0  1
    5  0  0  0  0  1  1  0  0  0  0
    6  0  1  0  0  1  2  0  0  0  1
    7  0  0  0  1  0  0  1  0  0  0
    8  1  0  1  0  0  0  0  2  1  0
    9  1  0  1  0  0  0  0  1  3  1
   10  1  1  0  1  0  1  0  0  1  4
